Anos, Gás carbônico (ppm)
1959, 315.58
1960, 316.43
1961, 316.90
1962, 317.94
1963, 318.74
1964, 319.57
1965, 319.44
1966, 320.62
1967, 322.32
1968, 322.57
1969, 324.00
1970, 325.06
1971, 326.17
1972, 326.77
1973, 328.55
1974, 329.35
1975, 330.40
1976, 331.75
1977, 332.93
1978, 334.97
1979, 336.23
1980, 338.01
1981, 339.24
1982, 340.75
1983, 341.38
1984, 343.70
1985, 344.97
1986, 346.30
1987, 348.02
1988, 350.43
1989, 352.76
1990, 353.66
1991, 354.72
1992, 355.99
1993, 356.70
1994, 358.37
1995, 359.97
1996, 362.05
1997, 363.18
1998, 365.33
1999, 368.15
2000, 369.14
2001, 370.28
2002, 372.44
2003, 374.68
2004, 376.79
2005, 378.34
2006, 381.37
2007, 382.58
2008, 385.07
2009, 386.65
2010, 388.55
2011, 391.30
2012, 393.07
2013, 395.61
2014, 397.93
2015, 399.85
2016, 402.65
2017, 406.07
